%YAML:1.0 # need to specify the file type at the top!

cam0:
  cam_overlaps: [1, 2, 3]
  camera_model: pinhole
  distortion_coeffs: [-0.01598104604800117, -0.06468146960999643, 0.07343846294417831, -0.027736666773276318]
  distortion_model: equidistant
  intrinsics: [1049.9683165448128, 1050.0926262344349, 1015.860058856741, 691.0983612966895]
  resolution: [2048, 1536]
  rostopic: /left/image_raw/compressed

cam1:
  T_forwardLeft_cam_left_cam:
  - [0.7265872401934288, 0.004103149212805876, -0.6870619670412779, -0.09104044992587221]
  - [0.0005990721700562898, 0.9999780044863519, 0.0066054262560812, 0.0005573442509349714]
  - [0.687073957809949, -0.005211018137265824, 0.7265688004513691, -0.012876547869503754]
  - [0.0, 0.0, 0.0, 1.0]
  cam_overlaps: [0, 2, 3]
  camera_model: pinhole
  distortion_coeffs: [-0.03999018098363963, 0.0035531756082936186, -0.0006681279528559426, -0.0009677749839773924]
  distortion_model: equidistant
  intrinsics: [1057.8085759554679, 1057.8344071878955, 1031.0394456453769, 727.7604933179784]
  resolution: [2048, 1536]
  rostopic: /forwardLeft/image_raw/compressed

cam2:
  T_forwardRight_cam_forwardLeft_cam:
  - [0.9997098979861837, -0.00024386552740930396, -0.02408444307115879, -0.1395007427410558]
  - [0.00022409754414127157, 0.9999996358356008, -0.0008234737067051285, -0.00027495044190387356]
  - [0.024084635117311973, 0.0008178375507802361, 0.9997095885771006, -0.00040285996536457207]
  - [0.0, 0.0, 0.0, 1.0]
  T_forwardLeft_cam_forwardRight_cam:
  - [0.999709898, 0.0002240975, 0.0240846351, 0.1394700376]
  - [-0.0002438655, 0.9999996358, 0.0008178376, 0.0002412604]
  - [-0.0240844431, -0.0008234737, 0.9997095886, -0.0029572811]
  - [0.0, 0.0, 0.0, 1.0]
  cam_overlaps: [0, 1, 3]
  camera_model: pinhole
  distortion_coeffs: [-0.03124164248538125, -0.02633329423472931, 0.03894424132096168, -0.019217878957815994]
  distortion_model: equidistant
  intrinsics: [1058.4010918263214, 1058.5035544505658, 1029.3052164899436, 717.0103196643621]
  resolution: [2048, 1536]
  rostopic: /forwardRight/image_raw/compressed

cam3:
  T_right_cam_forwardRight_cam:
  - [0.7323811046619935, -0.0007494634573579369, -0.6808945262216315, -0.07520290091506676]
  - [-0.0009378104704723995, 0.9999973354146863, -0.0021094252830125707, -7.413574066871566e-05]
  - [0.6808942928572506, 0.0021834532349527007, 0.7323784503153893, -0.051915703564017264]
  - [0.0, 0.0, 0.0, 1.0]
  cam_overlaps: [0, 1, 2]
  camera_model: pinhole
  distortion_coeffs: [-0.039060435538542236, -0.0009826829895578845, 0.007106544047076614, -0.005041867552529727]
  distortion_model: equidistant
  intrinsics: [1058.2233038388815, 1058.3729485359875, 1049.8684686782215, 729.8063271551586]
  resolution: [2048, 1536]
  rostopic: /right/image_raw/compressed

T_os_sensor_forwardLeft_cam: 
  - [0.0365235158,  0.0007068971,  0.9993325438, 0.10018421261164161]
  - [-0.9992455766,  0.0132373111,  0.0365109736, 0.07635995420543339]
  - [-0.0132026663, -0.9999121331,  0.0011898369, -0.08045029551436858]
  - [0.0, 0.0, 0.0, 1.0]
% [x, y, z, w]
% Quaternion: [-0.5054939088970001, 0.4938430819794034, -0.4877061128375942,  0.5125794240407625] 
% Translation: [0.10018421261164161, 0.07635995420543339, -0.08045029551436858]

T_os_sensor_forwardRight_cam: 
  - [0.0124443801, -0.0001078424,  0.9999225599,  0.102323012]
  - [-0.999838268,   0.012983312,   0.0124447313, -0.0631096435]
  - [-0.0129836487, -0.9999157074,  0.0000537442, -0.0825364298]
  - [0.0, 0.0, 0.0, 1.0]

T_forwardLeft_cam_os_sensor: 
  - [0.0365235158, -0.9992455766, -0.0132026663,  0.0715811084]
  - [0.0007068971,  0.0132373111, -0.9999121331, -0.081524847]
  - [0.9993325438,  0.0365109736,  0.0011898369, -0.1028095976]
  - [0.0, 0.0, 0.0, 1.0]
  
T_imu_link_os_sensor: 
- [0.9998459674, -0.0157202487, 0.007804818, 0.0235636103]
- [0.0155436449, 0.9996328268, 0.0221947415, -0.0394981788]
- [-0.0081508592, -0.0220700073, 0.9997232008, 0.0266328686]
- [0.0, 0.0, 0.0, 1.0]

T_os_sensor_imu_link: 
- [0.9998459674,  0.0155436449, -0.0081508592, -0.0227289543]
- [-0.0157202487,  0.9996328268, -0.0220700073,  0.0404418895]
- [0.007804818,   0.0221947415,  0.9997232008, -0.0259327545]
- [0.0, 0.0, 0.0, 1.0]

imu0:
  T_forwardLeft_cam_imu_link:
  - [0.052123234473504004, -0.9986040017007423, 0.008556647432494846, 0.03068196938303387]
  - [-0.007305437913110946, -0.008949352761424723, -0.9999332676044184, -0.05507509632808549]
  - [0.9986139389198, 0.052057246108639654, -0.007761708746578777, -0.12407766434205443]
  - [0.0, 0.0, 0.0, 1.0]
  T_imu_link_forwardLeft_cam:
  - [0.0521232345, -0.0073054379,  0.9986139389,  0.1219040939]
  - [-0.9986040017, -0.0089493528,  0.0520572461,  0.0366053924]
  - [0.0085566474, -0.9999332676, -0.0077617087, -0.0562970105]
  - [0.0, 0.0, 0.0, 1.0]
  T_imu_link_forwardRight_cam:
  - [0.0280588344, -0.0081160869, 0.9995733244, 0.1262187787]
  - [-0.999565892, -0.009216002, 0.027983796, -0.1028260523]
  - [0.0089849508, -0.9999245943, -0.0083711539, -0.0553219053]
  - [0.0, 0.0, 0.0, 1.0]
  cam_overlaps: []
  camera_model: pinhole
  distortion_coeffs: [-0.03999018098363963, 0.0035531756082936186, -0.0006681279528559426, -0.0009677749839773924]
  distortion_model: equidistant
  intrinsics: [1057.8085759554679, 1057.8344071878955, 1031.0394456453769, 727.7604933179784]
  resolution: [2048, 1536]
  rostopic: /forwardLeft/image_raw/compressed
  timeshift_cam_imu: 0.009160379134269684
  
imu0:
  accelerometer_noise_density: 0.001093618
  accelerometer_random_walk: 4.584471e-05
  gyroscope_noise_density: 0.00060369579
  gyroscope_random_walk: 3.22094e-05
  model: calibrated
  rostopic: /ms/imu/data
  time_offset: 0.0
  update_rate: 200

T_os_sensor_velodyne:
  - [0.99988877, 0.01206341, -0.0087709, 0.14486527]
  - [-0.0122033, 0.99979631, -0.01607509, 0.0482011]
  - [0.00857519, 0.01618033, 0.99983232, -0.28193628]
  - [0.0, 0.0, 0.0, 1.0]

T_base_link_gps_frame:
  - [1.0000000000, 0.0000000000, 0.0000000000, 0.6200000000]
  - [0.0000000000, 1.0000000000, 0.0000000000, -0.1100000000]
  - [0.0000000000, 0.0000000000, 1.0000000000, 0.4200000000]
  - [0.0000000000, 0.0000000000, 0.0000000000, 1.0000000000]

T_base_link_mount:
  - [1.0000000000, 0.0000000000, 0.0000000000, 0.2680000000]
  - [0.0000000000, 1.0000000000, 0.0000000000, 0.0000000000]
  - [0.0000000000, 0.0000000000, 1.0000000000, 0.5200000000]
  - [0.0000000000, 0.0000000000, 0.0000000000, 1.0000000000]

T_mount_os_sensor:
  - [1.0000000000, 0.0000000000, 0.0000000000, 0.0000000000]
  - [0.0000000000, 1.0000000000, 0.0000000000, 0.0000000000]
  - [0.0000000000, 0.0000000000, 1.0000000000, 0.4200000000]
  - [0.0000000000, 0.0000000000, 0.0000000000, 1.0000000000]

T_base_link_robot_base_link:
  - [1.0000000000, 0.0000000000, 0.0000000000, 0.0000000000]
  - [0.0000000000, 1.0000000000, 0.0000000000, 0.0000000000]
  - [0.0000000000, 0.0000000000, 1.0000000000, 0.0000000000]
  - [0.0000000000, 0.0000000000, 0.0000000000, 1.0000000000]



