%YAML:1.0

# File paths
map_pcd_path: /home/shu/Downloads/LOAM/GlobalMap.pcd
save_pcd_path: ./colored_map.pcd  # only one entry
keep_uncolored_points: 0

# Topics
image_topic_right: /right/image_raw/compressed
image_topic_left: /left/image_raw/compressed
odom_topic: /lio_sam/mapping/path
output_topic: /colorised_points
pointcloud_topic: /ouster/points

# Output settings
min_color_frames: 3
max_lidar_z: 1.5  # meters, maximum Z value for lidar points to be considered
# Synchronisation parameters
max_time_offset: 0.05         # seconds
initial_startup_delay: 0.1    # seconds

# right camera
distortion_coeffs_right: [-0.04345139283609733, 0.019439878275353862, -0.03544505860721041, 0.022121647569599227]
distortion_model_right: equidistant
intrinsics_right: [1059.6087870662222, 1059.5973705610731, 1050.3552896004385, 731.3912426749002]
resolution_right: [2048, 1536] 
T_lidar_camera_right: 
  - [-0.72526286, 0.03158272, 0.68774728, 0.10662944861700628]
  - [-0.68846621, -0.03739224, -0.72430387, -0.13772100818671135]
  - [0.00284093, -0.99880146, 0.04886283, -0.10008423762909517]
  - [0.0, 0.0, 0.0, 1.0]

# left camera
distortion_coeffs_left: [-0.041736301331338786, 0.01166417790504481, -0.011437286832906436, 0.0033946415180739157]
distortion_model_left: equidistant
intrinsics_left: [1048.498526504792, 1048.4052212551244, 1061.9662410412484, 704.0318680976642]
resolution_left: [2048, 1536]
T_lidar_camera_left: 
  - [0.68174527, 0.02906391, 0.73101209, 0.09421456600697632]
  - [-0.7312737, -0.00229007,  0.68208029, 0.14015556091301165]
  - [0.02149799, -0.99957493, 0.01969243, -0.09386637390030646]
  - [0.0, 0.0, 0.0, 1.0]
