%YAML:1.0 # need to specify the file type at the top!



pointcloud_topic: /ouster/points
output_topic: /colorised_points

# right camera
distortion_coeffs_right: [-0.04345139283609733, 0.019439878275353862, -0.03544505860721041, 0.022121647569599227]
distortion_model_right: equidistant
intrinsics_right: [1059.6087870662222, 1059.5973705610731, 1050.3552896004385, 731.3912426749002]
resolution_right: [2048, 1536] 
image_topic_right: /right/image_raw/compressed
T_lidar_camera_right: 
  - [-0.999864, 0.0113336, 0.0119721, 0.0214144]
  - [-0.0118846, 0.00775101, -0.999899, -0.184486]
  - [-0.0114252, -0.999906, -0.00761526, -0.0971529]
  - [0.0, 0.0, 0.0, 1.0]

# left camera
distortion_coeffs_left: [-0.041736301331338786, 0.01166417790504481, -0.011437286832906436, 0.0033946415180739157]
distortion_model_left: equidistant
intrinsics_left: [1048.498526504792, 1048.4052212551244, 1061.9662410412484, 704.0318680976642]
resolution_left: [2048, 1536]
image_topic_left: /left/image_raw/compressed
T_lidar_camera_left: 
  - [0.99969, -0.00222623, 0.011171, 0.0623324]
  - [-0.0110842, 0.00401996, 0.99993, 0.216891]
  - [-0.0223057, -0.999744, 0.00377195, -0.0736008]
  - [0.0, 0.0, 0.0, 1.0]

